4559

1435

1255
3065

5195

8501
9819

7781
6048
795
7132
3266

6495
9917
1741

9642

2300

1701
7397

4704
2674

8846
913
4725
3121
8711
1117

3933

2687

6380

8268
8097
7675
2942

9426
3364

130
8698

7966
6780
6209
3764

5080

6600

1395
3844

1270

7616
1155
1702
508
1778

6788

5866

4863
5559
809

6114

2510
3096

7567

-1955

9098

7773

6695

1528

7308

8167

7639
3410

8544

3281
8784
8135

7798
2782

5986

5959
416
8914

5318

1395
3558
9846

7487
408
1890

9633

2606

6974
7935
3342

4508

6457
985
8895

372
7345
4983
4106

7606
8377

879
5550
8413

8989
8760
3530

4614
9990
966

6843

201
8572

2518
1538

5922
8006

5443

5335

7651
1410

4796
1142
5361
5679

5311
6432

4939
413

3406
6680
9618
4877

7985
8599
5117
7127
6710

3309

461

1086
7343
6885

8140
6742
9362

5108

5311

2792

4048

5140
4224
6231
3604
3464

9261
413
428
1974

4611
5416
3435

6792

5195
492
3965
9794

8916
5393

1080

3952

9642

2333
9094
6127

2282

3495
7892

9810
706
5490
6544
4012
9067
8613

3317

5260
2031

9889
5430
7031

4526
822
6475

5664

6003
2107
5355
267

9287
2210

9545

4137

5820

1605
1463
1371

1073
8590

963
8412
158

1572

246

3394
3370

4719
8706
4440

8154
614
3225
7639
4215
8466

521
1902
5623

8897

1293
9877
3219

1249

4804
9611

314

4365
9638
3542

5799

9816
636
5861

8225

3500

8179

1217

2314
8516

7759

8517

380
5197

3020

7697

2222

7475

3081

2340
3254
5723

7915

9664

2352

5887

595
8271
1432
7132

8233
3595

5548
1311
5394

2356
3502
3868

8512

7704
7296
7633
6642

9936
2170

7589

1511
4134
1840
8890
3024

3852
1390

2062
508

937
3533
6108

6660
4728

3530
8646

519
2236

396
4271
7249
7153
7374
1742
2219
9740
7909

6957

9433
7428

5912
7800
3179

9515

5440
598
3659

3409
6632
5755
1991
3715

2888

5399
4200

511

5539
7755
9506
9078
6022

7998
4671
4012

6173
9998
4129
2255
2997
1311
573

6316

494
7831
9625
9884
5913

5469

3828

3633

4851

2274
9614

9381
6528

1634

1229

5484
5555

5987

267

9260
5558
1735

7113

908
9310

4351
8723

9557

565
2638
6713

6872
8716

7727

3172
4944
6528

3319

7158

9833
8203

9642
2738

8450

1222
7131
3250

4412

4448
684

4074
7958
6423
121
6366

6900
4845

4572
8078
7266
1828
6234

9501

1422
589
8624
8152

8872

8226

7632
374
7459

9782

7372

757
7668

7805
7607
4399
1458
7511

2915

6753

1419

865
336
4581
2402

9484
5058
5419
1314

1921
8405
7389

6994
5040
386

6589

163
247
3189
1709
4630

916

3202
6020
7804
6299

9394

5992
4052

7936

713

3344

7683

7486
2518
1879

6277
1100
6177

9086

6862

6518
4708

8799
2312

9484
4494

5331
4681

9447
6360

7096

9576

6016

9699

8703

9330
811

1261
6765
3887

6871

2536
8381

2449
116

9021
1895
7217

2679

2384

2842
718
7353
8992
1669

6726
6344

407
1702

8267
5216

3311
4055

8280
3438
3091

6087

4572
2463
3984

8970
2011
5526
1236

7840
7951

9396

6272

9283
4189

134
9568

3375

7207
7934
6508
9374

7991

9107

122
5609
3190
2715

8822

2672

6582
5591
7977

6920

6632
4376

587
5218

9438

4850
8535
5325

1661

7179
7614

1749
7296

9409

9108
6645
727

9199

7838
6315
8432

7711

4684
2688

4494
5148
7750

6794

4377

7408

5346

3711
4304
6033

1784
700

9024
8129

4017

6438
3063

3585
2412
1808
206
5579
6197

8295
9985
4637
7388
1307

2397

8640

5790

1562

677

7857

5117

3456

2469
6382
2061
668
1025

1210

7575
278

6575
5570
1474

1297
8398
7327
2731
6536
7842

2901

5158

3723
9798

5926
6780
3850

4560

2714

4987

8877
9915
9976
7812

9728

8889

9160

5739

5717
8426
2317
3191
4532
5946
2841

9041

7738

5298
6443
7484
575
7444
8488

9769
2390

8860
7886
281

579

1570
5698
6640

8866
3041

3397

4203
7812
7034
2809
5991

291
3523

2492
8384

2914
7867

9882
8779

502

6112

8727
2976
3507
6674

2197

3561

9825
7880
6458

5489
5468
6346

2576

1720
3450

5272

2051
6125

4192

8334
9549
9301

7746
7902

9898

5036

6332

4393
431
1894

9375

1128

3911

3763
4633
8488

5567

5777

853
5463

1339

1423
5635

4069
2833

228

8042
2625
7400

8320

8458
3044

4507

9165
9753
9867
7049

6438

8173

3967

3396

7469

7458

604
4759

9058
6762
8415

1367
3660

8001

5341
2501
6144

4209
8677
1296
6598

4418
8492

9410

3751

2439
3821
1487
6622
3653

2921
5879
102

3677
1971
8779
1479

5094

6972

1212
8538

3595

5218

5777
4885

3649
4182

9021

7042

4095

8910
5594

6681

706
6049
6235
3814
7826
4283

8757
9641

5346

9443

3220
2039
7077

7584
3365
4139
858
1589

3455
5632
1760
4145

1669
9755
4885
3220
7039
4896

4074
675
7612
6044
1087
4471

9964
9719

1519
8586
5476

3368

5832

5180
744
8294

7636

961
5351
4797

7227
9346
470
8095
5514
5721
6627

3801

9902
3701

8662

9325
3941

9706
5035

5694

6818

4260
3388

3238
7165
3413

6597

4533

6730

3764
1052

1672

2541
8565

2082
4803

417
1506
9565

340
5063
5911
1968
8615
4336
7904
6302

4385
1431
2233
2246
2807

9878
2477

1916
642
5129

4093
8844
1826

1011
7623
6601

5300

9294

3605
8789
2060

1898
9659

2084
7291
3431
4178

5405
5871

2601

5014
6091

6182

5297
6649

6865

2923
6287
9724
9908
3180
5333

5067
4227
4674

5079
8201

8148

2501
2467

8271
2371

5332
1011
5065
416
567
8106

9829

3358

9693
6452
2545

3180

9315

5041
1664

4328

5386
3483
526
2009

1965

1708
2772

7831
223

9615
1162
498

5354

8904

5074
146
2002

1557

7926
9722
7215
7191

1217
1563
8798
3984
325

9210

1515

4769
2559

6277

9597
7584
7801
1146

1176
1836

5332
3278
3686

5837
5040
7256

3961

3750

2135

6411
1833
3905

7712

1346

1592
7871
3104
5315
8573
4023
7025

2436

2006

2470
1755
3474
3325

4005
8769
4990
3675

4129

8010
5434

9646
3106

8627
8711
5232
3001
4419
8788
9967

8015

9444
2494
586

3338
257
6790

9938

6379
4543
4865
4510
5540

2002

6373

6728
634

2536

1137
5410
1545

1772
2945

105
7976

6905

1112

8290
4873
9326
7791

9086
5555

6018
3924

8331
8534
7858

4802

1613

3565
6915

9852
8992

4395

9280
725

4404
5494

3374
4499
3353

7562

911
2350

7057

8100
3471

8313

3639

687

1367

4983

7895

4679
6217

3304

5200
3895
5259

8578
8003

4777

1695

9847
1951

1761

2038

3590
9506
829
6300
2589

7438

8833

8559
8538
7808

8308
9119

1200

9417
6777

2043

710
1583

2601

3860

1316
4501

4440

3327
3244

552
9094
3315

8258

2972
9476
1265
6590

2843
9842
521
500

9866

4893

6604

6713

599
5054

3758
7018

3924

8325

4992
8511
9445
5274

8375
6982

8309

2851

6684
7542

5946
6459

4959

1439

7959
277

5903

2233
2714

8745
1294

1120
8359
9551
5717

3304
8308
6496

9348

8717
7395
6829
8391
4643
8986

2054

3212

5304
4498

4062
5087

1640

2661
6574
3738
5904
473
5442

2800

299

6162

4577
6299

8350
4580
2634
8931
5628

2563
1731

7141

2897
8002

2329

8323

5113

4937

6930

1770

7671

6360
6036
5213
5627

6457

6553
2276
441

8875
6236

9175
2689
4277

2418
4455

6131

1410
5527

7476

3451
1081
4325
2512

9666
9387

6633
3517
2433
3684
568
211

6517

5713

3856
3292
7021

894

905
606
235
5280

581

4870
3309
7302
8450
9255

4561
6105

9461

7667

1859
5257

2130

7337

2736

2152
7572

734

9472
1335
7383
3443
6297

1346

7701
1619

1399

5440
8360

2486

4000
8523

4053
6216
5807

7520
5378

1624
3875
2959

610
7544

923

7191
977
1670
4173
6853
8580
7745
4324
9567

6974

3413
5061

3917

7883
5862

7303
5448

1966
7791
3550

5609
9678

3016
2256

2655

732

1370
9978
9166
5810

8809
3521

7760
5096
8980

4304
4388
8619
8630

4985

4384

5688

4630

5368

2319

5328

7733

9494

4243
5308
3664
9488
9785
3145

4668

8990

4106

6426
6585

4266
7701

1929

3176
424

777
8752

2457

1632
483

3290

7769
2390
2867
3952
5746

7271

6850

1962
880

9594

9189
6722

2888
4648
7292
9135
8807
4699
9291
7160

2066

4312
8341

2462
9574

5560
2335

1308
3774
4772
257

6342

4175

2445
4883

6032

268

1168

9395
6194

3022

349
4626

9368

2663
1936

9130

8969

5255

5683

5295

9784
7677

6670

7373
6698
9201
2639

1843
7221

5156
9508
9312

2572

1316
8679
4129

4672

7096

4240

1350
3568

8793
6025

3496
5688
7730
4659
8789

7274
7342

9690

3865
4817

9353
8415
8653

7425

9709

8220

4669
5124

2343
590

3415
7944
6521
7387

3460

1890

9814

2310

2189

5897

3095
4831

5411

4860

3540
1948
1629
4124
8431

3573

3586
9292
3090
9496

104
7265
289
8981

662

8555
4128
9553
2142
1046

2653
2740
8431
8531

1504

2445
8447

8604
1880

9330

4457
6208
5228
688
874

7120
6294

3004
8281
8086

925

9155
1260
554

9840
6920
7327

8622

4130
7902
607
6058

1607
6738
9520
3951

4567
8419

5786

5066
5488
5035
3648

1036
7004
9185

9122

3165

1997
6163
5143
4540
1142

5100
5813

3892
2304

9908

4464
9526

9937

5774
4852

3765
1950

2828

480
586
8552

9394
7050

4719
5510

1621

6342
5032
2833

9701
1799
334
4266

2730
7014

1548
9424

2465
4813

6695

1896

5827

2111
8646
6356

5527
7598

2139
5321
2813

4353
4848

6316

3268

6382
6259

6750

2474
6615

8175

4380

983

7281
2810

3305

1456
7367
4079
315

1408
1740

5448

1840
1615

1795
5517
5623

9877
3740
752

2641

497
9021
939

3202
4299
9621
7766
1626
6027
476
431

224
1477

1984

3702
2806

6039
310
8689
802

1249
2136
3363

6621
7840
2498
1726

6996
6313
8012
9089

1831
2401
509

9104

1206

7852
5865

7490

3991
2051

3526
9740
2388
7790
1660
3582
3367
6378
6765
1186

8741

4694

4396
3559

4054
4967
9817

5052
5749
2108
4425

7677

8507
3628

8274

161

132
174

5811

6276

7984
2032

3762

1336
6194

2237

9751
960
513
4416

1797
4352
6725

730
2417

1646
5404
533
3292
6510
5690
9996
4822
3019

1409

5194
6534

5181
5262

9233
1145
1040

6336

3656
9091

6905

8629

6894
4827

5886
8673

3926

8524
7064

685
8893

831

2242
1942

3771

8305
5087

2890
4546

7083

3342

4647

2786
4498
2476

4492
6727
8105
4322
8629
6980

2766
9331
2158
9362
6874
503

9217
3825

874

2944
3512
6908
4662

2696

2559
118

305

6931
2279

2809

9068
8869

6767
3523
6509
4377

3248
5036

1076

5764
2431

1293
1370
601
6013
1784

8134

8055
466

5134

4777
8759

4128

6054

2719
4828
9820

4230
5642
6918
1889

5113
4955

6951
4972

670

4482

9084

3604
7730
1833

342

2360

5096

5261
8830

6343

8328
4729
6279

7173
9013
9588

3474
3004
4967

7287

6224

5365

2240
1227

3277

1204
7953
9179

4216
2878
5886

9509

8149
2887

6334
9396
3679

9272
9154
8859

3976

4125
6456

5651

687

4488

8341

4087

6542

2217
6210
327
2715
5654

5851
3385
5859

8730
4771
8850

9552

2981

9428
4383
3366
286
3130

7970
4033

8304
6011
7797
480

9623

662
483

8387

2201
7966
6816

5290
8915

4539

378

5373

7552
4807

6205

8378

5039

3981
8925
3321
7764

7506

4596
8722
7366

1312

493

5462

4474

9270
400

3967
5643

2963
9109

663
8415
3289
2039
9074
7738
2299
2930

8811

6245

1729
3367

5989

7211

6337
9481

2442
1253
2260
2448
9254
2781

385

8859
1834
991

9223
4547
3659

1089

6814

1888

1903
5700
6524

2470
5339

612
2242

6756
5485
3954

7144

9439
8856
7575

9224
1911
2359

8944

1961

3513
1677

1990

6395

2908

2314

329
3951

2632
4900
8677
2051
4438

1771
3307
5966
4418

1298

6634
295
9966

8318

5586

6324
1370
797

1621

1268

4668

6901
7923

343
8935
4831
6975
5086

1427

3893
6315

8944
6097
1221

10000
3789
355
6494

2836
7627

3831

6003
7390

5958
9401
4506

4988

7805
6858

4088
7296
4009

8900

1214
2725
9419
5615

6728

6270

7383

1801

1499

3982
9938

5025
7909

1189
807
7394

1411
2742

2490

9045

1092

7370
9352

6409

369

9263

2178
473

6293
746

5826
9834

8228
1129
9625

9991

1570
5528

793
156

3148
7843

6422

5629

745

6062

9995
2817
6433

5100

3994

9077

5641

9280
1446
663
8739
784
1314

1775

4870

4918

2465
6277

4426
5858

7367
3161
5699
833
8270

5787

2148

6864
1340
8593

9564

2154
309

687
6958
4562
9523

1827
4838
2277

7627

9370

7088
3850

9720

8643

3749

6321

6776

2385
215

1771
5446
6084
6688

6482

5596
3041
3502
6027

8801
5773

5899

4430
4058

9107

2871

7021

851
2146
6060

4263
8732

6369
6194
5695
3019
3665
3606
787

5500

1113

7233

5648
9491
2238

9963
1964
9177

6402

1412
2949
972
7603

8861
3877

6279
5839

2928

5602
8784

2644

8535

8164

2963

731

413
5513
7521
1821

4932

5777

1128
837
7262
6800

5387

6134
8409
3099

7913
5667
407
3500
7135
6063

2836
2303
2760
1824
1820

1454

3768

1154
4081

7267

631
8437