6945

3580
2240

9844

6378
2741
9607

5581
2806

9612

2070
9752

8641
814
6006
8761
3908hi

6540
5387
4353
5232
1529
7273

8255
700

9171

7101
1660

597

6559
6153
9436
168
3293
7140
2078
7573

3677
9736

3785

7795

2915

1276

7457

230

6212
625

4111
2832

664
9388
9367

4722

8632
7629

4482
2109

808
7374

6263
9854

5090
7074
7147
4602

6165

4089

2165
9695
5723

3150

7761

8573

2157

2654
477
8930

3815
8708
729

4205
4626

1266
3574
7375
3105
5725
1365
5816
1006

892
255

849
6580

3350

7945

7049
8291
6847
6969
9654
4273

6080
1227
2469

3114

6007
1306
2322
5553

6982

2376

6416

116

8885

1586

5335

4964
2519

9829

789

2736
3203
1262
3611
8131
4711

9176
5918
820
1805

4737

6992
2338

7694
6339

1669

7365
7078

309
3273
1499
588

6626

6546

1583
4256

1137

9766

2577

8297
692
2900
5817

9915

5783
4492

5195

7993

3210

1228

8177

5007

3645

906
426

2359

6247
6705

9590

4679
2765

4598

6390
6382

5330
2367

6035
5872
2426

9964

8653

2989

2882

3537

8420

9655
5033

2171
8270

2379
4645

8289
3772
835
3255

1814
8364

2291

4329
3913

1901

9214

6947
8967

5616

5175
1633

2756
9523

6999

7227
2523
4088
8725
8993

1909
1176

4015
3310
1592
9390
1744

4119

7281

6857
789
4072

9716

9909

6754
6920
1481

3378

9109
6796

1147
6184

4709

7066
4350
9564

6870
373

2367
205
2152

5226

4625
9720

6719
757
3627
9809

6120
578
4760
1408

7778

6928

6236
2698
7231
5779
4858
3547

146

2269

4212
2043

5631

5784

2770
3489
7127

130

8523

8468

6253
1452
1335
1291
8298
9460
5099

9848

3168
2591

1323

9797
3674

9050
2999
2621
2615
4792
1967
4792
783

667
1031

7564
4633
5163
3898
1150
6148

1345

4171
5774

6319

8005
4199
9207

2447

2144
8174

3670
6114

7256

353
3586

356

171

6028
3986

229
312

7696

5427

8379

3213

115

8211
4554

4594
3405

9422

7669
6397
870
9105

513

1644
3712
8504

2805
3119
8141
5048

7481
2439

5858

6532
4831
4951

9550
4088

5949

1985
7407
6208

9746
9173

1951

4008
9495

4058

1267

2172
1953

8656
398

1728
6174

158
2921
1558

6736
8839
6002

438

6500
8837

8390

5944
5679

7167
8885

2460

104
7730
2299
8964

8752
9608

714
6981

225

3125
2076
9716
6957

5612

4956

3606

2250

2552
5482

103
6756

3998

553
7598

3933
680

8770

4962
2937

4402
7424
1324

559

1790
6975
9723
7086
594
8225

1517
900

4454

4514

8139
3262
6362
3062
6129
3803
8753

3554

294

3663
1846
5889

1307

3031
3616

8815

823
3115

8523
2666
8641
6134

9684
2816

8700
7123
3813

730
967

4456
1298
8293
1894

5769

5304
731

733
233

7668
7357

4465
9454
8706
670
652
8861
9870

239

163
7033
6588
2332
6645

4199

5738
2635

5485

736
183
4923
3947
2091

1980
7968
8424

5925
7276

4276
354

415
256
4306

3787

839
4051

8515
1899
4706
3345

7807
6309

8642

7418
5127

9504
9935
9092

7377
6272

1395

3823
8949

1879

2417
9933

3226

8896
8919

1799
253

1652
832

535
1244
6931

2302

5279

6760

4210

1804
2396

2522
2477

8302

4531

5085

3824
5200

7706

9107
3922
3431

1746
3397

7160

4333

9543

2766

3403
1823
4967

9366

5041

3457

2756

7106
3819
2046
5384
5531
4808
3985

6134

8491

6973
773
5300
7382

6783

5819
3114

680
5314

9161
1866

2121

653
5268

2614
7999

1233
1835

8541

507

9687
689
2854
6619

3683
7988

7389
276
2800

687

3365

4500

6865

6975
2295

2397

9982

3601

3231

2330

3832

1554
8770

2842
5943
5747

413

1036
5382

9732
6549
8101
639

2280
7772

6769
7400

9774

9756
3785

9001
6582

6616

8242
3968
5604
8079

8136
6351
7432
1775

3771
2083

3336
5182

2433
2387

3790
3777

6282
7483

2845
4111

8114
3367

8867
6182
7842
6512

4502

7015

8314

3574

9705
321
9651
3282
5024
945
4035

8700
5572
5782

4958
6349

3953

7132

4458
6544

2999
6349

6488

276

9581

6281
8963
3935
1162
7245
9888

5659

3975
1673
9591
7319
169
2118
893

8503

5722

7148

9553

9542

7625

8221
7713

5055

5583
1963
7179

6334
945
2535
2957

8055

8584

5253
4126

3926

3398

8607
4501

5411

9823
3166
7600

1739

5552
6466
975

9359
8290

8871

2014
8639
6383

4664

2705
8587

5949
9203

5026

9866

5058

9171
5976
8382

8674

2169
6025

8508

654

8884

6092
3495
6092

5284

3129
9369
9484

2258

6019

8731

5937
4173

9242
5050
2184
8293
5632

5859

6396

9337
2362
1654

5217

4710
2030
8898
4805

6572
1775
8399

2151

3412

3937
5651

646
8494

1791

6581

4960

9124
7992

6652

268
6415
6707
347

4580
2136

2842
2444

410
6986
3781
6817

2025
7989

4826
4161

7399
1360

9077
9933
3182

2610

6164
4274

3614

5664
5459
349

4451
9138
4213
7644
9774
5838

5531

630
1200

8110

614
9476
8852

5052

7540
1954
2949
7224

7998
2647
5244
1634
8990

3876

6861

1612

7015

6673

9859

1083

3807

7656
4687
7166
1437
2779
6640

6994

6382
1582
5262

9506

3425

9527

1082

4236

4773

5178
7292
893

2939

6884

4390

8297
6113

6877

4196

3653
3042

4476
4224
4144

3878

2964
5526

1334
2807

9290

2559

6864

4946

6548
6849

8476

9463

4563

9663
9184

6531
146
9127
6222

2023
8929
1082
1670

1760

337

8759

2463
174

2791
2716
4699

693

2084

7985

575

2267
8337
1999
5609
8987
8718
8723

9226
3720

4433
2538

5896
2281

3085

3404

4354

1288
2177

5204
2897

6570
2829

6170

8156

2326
2421

6368

768

1722

9379
9775

3066

581

7973

2085
5424
9308

4652
2643
6140
1559

1545
5709

7398

8202

2116
5423
9155

7691
5148

8030

6827

7427
4915
9851
8501

2151
8349

5163
5905

4365

9991

2472

8542

587
1123
3737
2967
4038
1460
9505
1946
9109

7739
7862

1689

4077

7350
9943

430

4527

2060

4993

6284
429

7684

7708
3194

813

3851
208
4545
1515
9699

4930

7908
656

1962

1074
3420

7462

4128
9848
3546

9746

4594

3154
2851
148

1043
2441
6254
2875
7184
5881
9492

6074

9623
3947

6851

6680

8874
2308
4015
2658

1984
5319

5183

1083

9762
7973

317
1101
5618
9394
323

8174
9150

693
7719

8025
8725
5498
9389
7493
6027
5774

2724

9642
2474

470
5943

9280
5815

4494

1057

2285

7184
1395

9793

5177
9930

8696

5916
9511

2137

8676

9940
7673
4727
5657

2709
8859

3288
4400
2790
808
1648
6852

1042

1859

3442

9281
9517

1340
3418
5624

8727
7939

612
8014
7515
390

6125
1286

8515
336
3136

3665

2003

8409
1728
9203
6967
3367
8143
2442
4732
5290

5932
3182
805

131
9636

6351

1539

8409
2540
8574
7794
221

9659
2447
8610

3828

2838

5422

4306
6979

1571

3453

1527
3620
1961
1335
8247
7491
809

9139
9485
2792

2083
2502
6887

6763
4270
1346
2788
5382
4974
6806

9176

842
2627
8989
4700

8188

9406
2672
7477
8816
2710

8209
2539

8791

4670
6531

5531

8417

8318

9523

6233

6024
1870
6442

8352
818

3585
341
3262

7069
7808

5522
8392

4208
1477

9968

2680
6637

958
4026
4737

4429
3932
8427

9432

2760

1295
5928

8517

7143

3336

3583
1302

3801

736

6816
4069
6584
8086
8812

8146
6651
2638
7691

3365

1722
2124
7457
2322

1750

9512
5152

5286

7402
3826
4957
9956
3401
5146
8558

950

1503
7615
9792
357

1967
3177

933
5787
2869
2203

6882
9669
6337
3155

4384

7067

8828
8449
7470

6438
4088
3848

584
6691
606
5972

1762
5595

8946

6455

2160
5255

6618

778

8947

852

2267

8385

8307

401

595
6956
8216

7172
4267
8615

4051
178

7638
1421

3335

5636

4112
6423

3981

1564

6264
5316
6866

519

3194
1126

6713

2523

2118
2488

8932

9457
2076
4689
5386
5503

8553
5927

6778
5453

4061
1326
8916
2589

1187

1365

2103

769

731

3305

1170
3792
2645
826

530
2905

2451

1737

8606
2487

6204

7066

1529
4841

6754
6447
2563

5577
1746
3314
6819

9460

4195
4320
7011

3990
2427

6890
331
6699

7021

9706

4251

1481
7050
9159
7224
1433

9038

3581

1144

5062
8190
498

6692

4523
6299

1942

6901
3336
843

9645

7509

4697
8377
7210

4644
841
2806

122

8295

5545

8209
8358
6696

5415

1823

2095

3598

5724
4490

4296
1494

9523
1467
5134

4009
904

7396

8852

7460

5780
3372

5785
7604

8342

6570

6758
2305
9258
942
6000

3522
7233
7619
2011

8704

7942
8789

7138
4656

6958

9562
941

4619
8984

3721

7304
9369
6957
4695

3762

355
4413
9433
2109
8670
962
7263

9663
2050

6720
7318

7874

7565
300

3694

3992
5091

1985
3863
9105

4519
9282

7852
7159
3640
3881
6749
2423
7733
505

7383

2210
8654

4851

8143
3845
9178
3710

6260
5022

7944

2123
9982

5327

8824

5389

2541
4646

9860

3881

6232

5851

1119

1365

6746
2568
9374
2545

7304

5843

3231
1024
1150

8998

3695
9771

5779

1751

7534
1260
4277

8912

7263
5418
2019
3196

7085
3634
1595
4909
4708

9576

866

6460

6632

5674

9791

1609

8380

7411

1288

9116

6527

4099
3913

569
4214
9048

3659

8500
6931
7513
4198

3555

1947
775
1294

8456
8334
6686
3209

113

2601
3254
9410

360

7097

2976

2361
9890

5209
6875

9817

2480

2273
1329
8408
2202
2855
2721

383
5014
9813

2136
7709
2831

7129

9643

1428
417
8311
6320
8388

3328

9831
4559

651

5042

8613

8798

2521

7081
1194

3530

4203

6236
1393
5264

4421

5766

5014
513
1848
1002
6088
7135

4066

1362

3190

7942
7716

2811

3088
9695
3990
7982

2395

8945
9669

6668
8245

6457
5013

9661
3218
6786
4999

5552

9843

5732

6260
5440

3426

6613

9443

4413
882

9425
2568
9909

2314
441

4508

8968
7087
493
4672
4765
9721
8107
2453

9489

9829

325
7937

8776
1110

8556

9871

4215

7630
8683
7624

439

1352

2533

2912

9296
7320
7715
7136

290

1425
4821
2599

9326

8415
5374

9586

4789

8247

4505
8984
7797

1678

9758

2313
9750

9200

1589
6143
5339
8916

2260

6286

7999

8702

7742
790

518

5872
7398
2313
9297

9564

5692

2513
4560

6166
3538

3603
119
1540

5068
3160
1139
8562
1025
4223
7648
753
3216
4566

5490

5403
5248

1518

6603

2205

1539
3378
9060
8383

3545
7804

4113

1917
5743
9107

6423

7816
1557
856

3919

7619

2468

9282

3952
6380

524

7678

2290
9066
9550

6379

8747
5020

2326
395
3535
4853

6910

885
7415
3523

987

4609
2223

5943
9019

5140

6760

192

7431

9573

5259

6848

1819

2777

4487

2962
4932
1101

4161

2349
1155
7265
2751

369

6015
151
8018

3480
8073
3537
162
1547

6782
1577

6242
5119
8839

5122

7177
4351

4676
396
6880
8357
5947
560
7585
492

1575
177

2741

4670
4900

1170

613

9980

1004
7661

8399
3100
3583

847

7449

1692
3049

6249

5953

7681

1725

7008

7997
7535

2857

2570
6590

4636

9356
9753
3077

7987
341

5942

7035

4292
9502
9864
5006

8364

2045

9675
7054

6588
2757
3233

5230

2351

3436

9057
4947

9641
9037
5675

3519
6662
2449
8805
3636
3748

7621
1193

6034
3463

3222
6231
8841

1336

9856

7509

7464

1058
4471

5692

4914
1758

2096
7598
6584
3518

9504

9909
5093
4413
8307
1050
9643
973
1479
5899

1620
6925
1346
5120

257
8786
6244
5974
4376

2319
9961

2158

4459

3997

1551
4205
2253

4494

1133

5872
4491

4978
8764
1991
4526

5276
8459

6910

7573
1649
2814
7335
5175

6389

8704

113

8523
9133
1527

1504
6856

1845

1077

2135

1866
5357
4231

2977
2552

3459
3966
4713
9589

3795
3514
2880
7751

4066

4444
114

3003

1209
5082
7587
975
1144

9756

3350
3124

3304

4183

8943

8658
7109

3664
4028
8012

7891
4993

141

2638

9882
6918
669

5150
4399
6096

9168
2105

9350
9005

443

9425
3024
8716

3739

3107
5643

8597
4417

3489

1528
5310
5785

4665
4613
2977
4552

2250
2860

7707

4865
3653
804

3983

2810

1619

5103
7359

5149

210

7596
4160
992
4646
2274
9932

2848

4433
6974
470
9949

2076
8440

6008
5938

8160

3438
2552

1921

4139

8739

604

9217
8126

7923
3924

3179

8394
2865
2978
183
9880
8522
9042

2373
3875

6187

9069
3863

2456

9544
2481
5206
9043

9801
1497

1074
2877
9162
7784

5567

1814

7888
2425

5370

2204
1417
2419
6005
3123
862
9837
1294
7304

681
4303
1095
9676
4709

4452

7697

7128
7496

9892
280

6086

4226

5205

8607

3270
2500
232

3585
6763

6527
4178

7282

4893

909

8294

8774

9185

2054
3734
1881
3810
2367
8291
3791

5700
8825

5399

1737
6307

597

1616
6131
2043

9628
6178

4039

9721

460

9241

6022
3844

5090

9274
7803
1448

1212
9244

4710

7792
5005
8017
5722

8188
6495

2696

7537

481
6480

6602

9612

2143
3694
9511

1977

3297

6941
1621
4884

9530
7513
7991

1388
9673

9352
8843
7919

5496

6460
6821

7499
3782
1105
8121
2474
3083
3782
4639

3383

9714

4469

8291

8127